"grid.id"	"species"	"X1"	"X2"	"X3"	"X4"
"1"	51	"GH"	0	0	0	NA
"2"	51	"WH"	2	2	2	NA
"3"	51	"RNH"	0	0	0	NA
"4"	51	"OPH"	2	2	2	NA
"5"	71	"GH"	2	0	2	NA
"6"	71	"WH"	2	2	0	NA
"7"	71	"OPH"	2	0	2	NA
"8"	71	"RNH"	2	2	2	NA
"9"	75	"GH"	2	2	2	NA
"10"	75	"WH"	2	2	2	NA
"11"	75	"OPH"	0	0	0	NA
"12"	75	"RNH"	0	0	0	NA
"13"	83	"GH"	2	2	2	NA
"14"	83	"WH"	2	2	2	NA
"15"	83	"OPH"	2	2	2	NA
"16"	83	"RNH"	0	0	0	NA
"17"	84	"GH"	2	2	0	NA
"18"	84	"WH"	0	2	2	NA
"19"	84	"RNH"	0	0	0	NA
"20"	84	"OPH"	2	0	2	NA
"21"	92	"GH"	0	0	0	NA
"22"	92	"WH"	0	0	0	NA
"23"	92	"OPH"	0	0	0	NA
"24"	92	"RNH"	0	0	0	NA
"25"	93	"GH"	0	0	0	NA
"26"	93	"WH"	0	0	0	NA
"27"	93	"OPH"	0	0	0	NA
"28"	93	"RNH"	0	0	0	NA
"29"	112	"GH"	2	2	2	0
"30"	112	"WH"	0	0	0	0
"31"	112	"OPH"	0	0	0	0
"32"	112	"RNH"	2	0	2	0
"33"	166	"GH"	2	0	0	NA
"34"	166	"WH"	2	2	2	NA
"35"	166	"OPH"	2	2	2	NA
"36"	166	"RNH"	2	2	2	NA
"37"	168	"GH"	2	2	0	NA
"38"	168	"WH"	2	2	2	NA
"39"	168	"OPH"	0	2	2	NA
"40"	168	"RNH"	0	0	0	NA
"41"	169	"GH"	0	0	2	2
"42"	169	"WH"	0	2	2	2
"43"	169	"OPH"	0	2	2	2
"44"	169	"RNH"	0	0	2	0
"45"	170	"GH"	2	2	2	NA
"46"	170	"WH"	2	2	2	NA
"47"	170	"OPH"	2	2	2	NA
"48"	170	"RNH"	2	0	2	NA
"49"	184	"GH"	0	0	0	NA
"50"	184	"WH"	2	0	0	NA
"51"	184	"OPH"	0	0	2	NA
"52"	184	"RNH"	0	2	0	NA
"53"	185	"GH"	0	0	0	NA
"54"	185	"WH"	0	0	0	NA
"55"	185	"OPH"	0	0	2	NA
"56"	185	"RNH"	0	0	0	NA
"57"	213	"GH"	2	0	0	NA
"58"	213	"WH"	0	0	0	NA
"59"	213	"OPH"	0	0	0	NA
"60"	213	"RNH"	0	0	0	NA
"61"	216	"RNH"	0	0	0	NA
"62"	216	"GH"	0	0	0	NA
"63"	216	"WH"	0	0	0	NA
"64"	216	"OPH"	0	0	0	NA
"65"	264	"GH"	2	0	0	0
"66"	264	"WH"	0	0	0	0
"67"	264	"OPH"	0	0	0	0
"68"	264	"RNH"	0	0	0	0
"69"	271	"GH"	2	2	2	NA
"70"	271	"WH"	0	0	0	NA
"71"	271	"OPH"	0	0	2	NA
"72"	271	"RNH"	0	0	0	NA
"73"	272	"GH"	2	2	2	NA
"74"	272	"WH"	0	0	0	NA
"75"	272	"OPH"	2	2	2	NA
"76"	272	"RNH"	0	0	0	NA
"77"	280	"GH"	0	0	0	NA
"78"	280	"WH"	0	0	0	NA
"79"	280	"OPH"	0	0	0	NA
"80"	280	"RNH"	2	2	0	NA
"81"	282	"GH"	0	0	0	NA
"82"	282	"WH"	2	0	0	NA
"83"	282	"OPH"	0	0	0	NA
"84"	282	"RNH"	2	2	2	NA
"85"	320	"GH"	2	2	2	NA
"86"	320	"WH"	0	0	0	NA
"87"	320	"OPH"	0	0	0	NA
"88"	320	"RNH"	2	2	0	NA
"89"	339	"GH"	0	0	0	NA
"90"	339	"WH"	0	0	0	NA
"91"	339	"OPH"	0	0	0	NA
"92"	339	"RNH"	0	0	0	NA
"93"	340	"GH"	0	0	0	NA
"94"	340	"WH"	0	0	0	NA
"95"	340	"OPH"	0	0	0	NA
"96"	340	"RNH"	0	0	0	NA
"97"	341	"GH"	0	0	0	NA
"98"	341	"WH"	0	2	0	NA
"99"	341	"OPH"	0	2	0	NA
"100"	341	"RNH"	0	0	0	NA
"101"	375	"GH"	0	2	0	NA
"102"	375	"WH"	0	0	0	NA
"103"	375	"OPH"	0	0	0	NA
"104"	375	"RNH"	2	0	2	NA
"105"	417	"GH"	0	0	0	NA
"106"	417	"OPH"	0	0	0	NA
"107"	417	"RNH"	2	0	0	NA
"108"	417	"WH"	0	0	0	NA
"109"	423	"GH"	0	2	0	0
"110"	423	"WH"	0	0	0	0
"111"	423	"OPH"	0	0	0	2
"112"	423	"RNH"	0	2	2	2
"113"	424	"GH"	0	0	0	NA
"114"	424	"WH"	0	0	0	NA
"115"	424	"OPH"	0	0	0	NA
"116"	424	"RNH"	0	0	0	NA
"117"	426	"GH"	0	2	0	NA
"118"	426	"WH"	0	0	0	NA
"119"	426	"OPH"	0	0	0	NA
"120"	426	"RNH"	0	0	2	NA
"121"	431	"GH"	0	0	0	NA
"122"	431	"WH"	0	0	0	NA
"123"	431	"OPH"	0	0	0	NA
"124"	431	"RNH"	0	0	0	NA
"125"	438	"GH"	0	0	0	0
"126"	438	"WH"	0	0	0	0
"127"	438	"OPH"	0	0	0	0
"128"	438	"RNH"	0	2	2	2
"129"	439	"GH"	0	0	0	0
"130"	439	"WH"	0	0	0	0
"131"	439	"OPH"	0	0	0	0
"132"	439	"RNH"	0	0	0	2
"133"	486	"GH"	0	0	0	NA
"134"	486	"WH"	0	0	0	NA
"135"	486	"OPH"	0	0	0	NA
"136"	486	"RNH"	2	0	0	NA
"137"	487	"GH"	0	0	0	NA
"138"	487	"WH"	0	0	0	NA
"139"	487	"OPH"	0	0	0	NA
"140"	487	"RNH"	0	0	0	NA
"141"	520	"GH"	0	0	0	NA
"142"	520	"WH"	0	0	0	NA
"143"	520	"OPH"	0	0	0	NA
"144"	520	"RNH"	0	0	0	NA
"145"	528	"RNH"	0	0	0	0
"146"	528	"OPH"	0	0	0	0
"147"	528	"GH"	0	0	0	0
"148"	528	"WH"	0	0	0	0
"149"	529	"GH"	0	0	0	NA
"150"	529	"WH"	0	0	0	NA
"151"	529	"OPH"	0	0	0	0
"152"	529	"RNH"	0	0	0	0
"153"	550	"GH"	0	0	0	0
"154"	550	"WH"	0	0	0	0
"155"	550	"OPH"	0	0	0	0
"156"	550	"RNH"	2	2	0	2
"157"	553	"GH"	0	2	0	NA
"158"	553	"WH"	0	0	0	NA
"159"	553	"OPH"	0	0	0	NA
"160"	553	"RNH"	0	0	0	NA
"161"	554	"GH"	0	0	0	NA
"162"	554	"WH"	0	0	0	NA
"163"	554	"OPH"	0	0	0	NA
"164"	554	"RNH"	0	0	0	NA
"165"	580	"GH"	2	2	2	NA
"166"	580	"WH"	0	0	0	NA
"167"	580	"OPH"	2	2	2	NA
"168"	580	"RNH"	2	2	2	NA
"169"	584	"GH"	0	0	0	NA
"170"	584	"RNH"	2	2	0	NA
"171"	584	"WH"	0	0	0	NA
"172"	584	"OPH"	0	0	0	NA
"173"	643	"GH"	0	0	0	NA
"174"	643	"WH"	0	0	0	NA
"175"	643	"OPH"	0	0	0	NA
"176"	643	"RNH"	0	0	0	NA
"177"	652	"GH"	0	0	0	NA
"178"	652	"WH"	2	0	0	NA
"179"	652	"OPH"	0	0	0	NA
"180"	652	"RNH"	0	0	0	NA
"181"	653	"GH"	0	0	0	NA
"182"	653	"WH"	0	0	0	NA
"183"	653	"OPH"	0	0	0	NA
"184"	653	"RNH"	0	0	0	NA
"185"	654	"GH"	0	0	0	NA
"186"	654	"WH"	0	0	0	NA
"187"	654	"OPH"	0	0	0	NA
"188"	654	"RNH"	0	0	0	NA
"189"	693	"RNH"	0	0	0	NA
"190"	693	"GH"	0	0	0	NA
"191"	693	"WH"	0	0	0	NA
"192"	693	"OPH"	0	0	0	NA
"193"	717	"GH"	0	0	0	NA
"194"	717	"WH"	0	0	0	NA
"195"	717	"OPH"	0	2	0	NA
"196"	717	"RNH"	0	0	0	NA
"197"	718	"GH"	2	0	0	NA
"198"	718	"WH"	0	0	0	NA
"199"	718	"OPH"	0	0	0	NA
"200"	718	"RNH"	0	0	0	NA
"201"	752	"GH"	0	0	0	NA
"202"	752	"WH"	0	0	0	NA
"203"	752	"OPH"	0	0	0	NA
"204"	752	"RNH"	0	0	0	NA
"205"	775	"GH"	2	2	2	2
"206"	775	"WH"	0	0	2	2
"207"	775	"OPH"	0	2	2	2
"208"	775	"RNH"	0	0	0	0
"209"	782	"GH"	0	0	0	NA
"210"	782	"WH"	0	0	0	NA
"211"	782	"OPH"	0	0	0	NA
"212"	782	"RNH"	0	0	0	NA
"213"	783	"GH"	0	0	0	NA
"214"	783	"WH"	0	0	0	NA
"215"	783	"OPH"	0	0	0	NA
"216"	783	"RNH"	2	0	0	NA
"217"	804	"GH"	0	0	0	NA
"218"	804	"WH"	0	0	0	NA
"219"	804	"OPH"	0	0	0	NA
"220"	804	"RNH"	2	2	0	NA
"221"	814	"GH"	0	0	2	NA
"222"	814	"WH"	0	0	0	NA
"223"	814	"OPH"	0	0	0	NA
"224"	814	"RNH"	0	0	0	NA
"225"	825	"GH"	2	2	2	NA
"226"	825	"WH"	2	2	2	NA
"227"	825	"OPH"	0	2	2	NA
"228"	825	"RNH"	0	2	0	NA
"229"	875	"GH"	0	0	0	NA
"230"	875	"WH"	0	0	0	NA
"231"	875	"OPH"	0	0	0	NA
"232"	875	"RNH"	0	0	2	NA
"233"	878	"GH"	0	0	0	NA
"234"	878	"WH"	0	0	0	NA
"235"	878	"OPH"	0	0	0	NA
"236"	878	"RNH"	0	0	0	NA
"237"	936	"GH"	0	0	2	NA
"238"	936	"WH"	0	0	0	NA
"239"	936	"OPH"	0	0	0	NA
"240"	936	"RNH"	2	2	0	NA
"241"	981	"GH"	0	0	0	NA
"242"	981	"WH"	0	0	0	NA
"243"	981	"OPH"	0	0	0	NA
"244"	981	"RNH"	0	0	0	NA
"245"	982	"GH"	0	0	0	NA
"246"	982	"WH"	0	0	0	NA
"247"	982	"OPH"	0	0	0	NA
"248"	982	"RNH"	0	0	0	NA
"249"	993	"GH"	0	0	0	NA
"250"	993	"WH"	0	0	0	NA
"251"	993	"OPH"	0	0	0	NA
"252"	993	"RNH"	0	0	0	NA
"253"	1116	"GH"	0	0	0	NA
"254"	1116	"WH"	0	0	0	NA
"255"	1116	"OPH"	2	0	2	NA
"256"	1116	"RNH"	2	2	2	NA
"257"	1120	"GH"	2	2	2	NA
"258"	1120	"WH"	0	0	0	NA
"259"	1120	"OPH"	0	0	0	NA
"260"	1120	"RNH"	2	2	2	NA
"261"	1165	"GH"	0	0	0	NA
"262"	1165	"WH"	0	0	0	NA
"263"	1165	"OPH"	0	0	0	NA
"264"	1165	"RNH"	0	0	0	NA
"265"	1166	"GH"	0	0	0	NA
"266"	1166	"WH"	0	0	0	NA
"267"	1166	"OPH"	0	0	0	NA
"268"	1166	"RNH"	0	0	0	NA
"269"	1167	"GH"	0	0	0	NA
"270"	1167	"WH"	0	0	0	NA
"271"	1167	"OPH"	0	0	0	NA
"272"	1167	"RNH"	0	2	0	NA
"273"	1180	"GH"	2	0	2	NA
"274"	1180	"WH"	0	0	0	NA
"275"	1180	"OPH"	0	0	0	NA
"276"	1180	"RNH"	2	0	2	NA
"277"	1218	"GH"	0	0	0	NA
"278"	1218	"WH"	0	0	0	NA
"279"	1218	"OPH"	0	0	0	NA
"280"	1218	"RNH"	0	0	0	NA
"281"	1251	"GH"	2	0	0	2
"282"	1251	"WH"	0	0	0	0
"283"	1251	"OPH"	0	2	0	0
"284"	1251	"RNH"	2	2	0	2
"285"	1290	"GH"	0	0	0	NA
"286"	1290	"WH"	0	0	0	NA
"287"	1290	"OPH"	0	0	0	NA
"288"	1290	"RNH"	0	2	0	NA
"289"	1291	"GH"	0	0	0	NA
"290"	1291	"WH"	0	0	0	NA
"291"	1291	"OPH"	0	0	0	NA
"292"	1291	"RNH"	0	0	0	NA
"293"	1297	"GH"	0	0	0	NA
"294"	1297	"WH"	0	0	0	NA
"295"	1297	"OPH"	0	0	0	NA
"296"	1297	"RNH"	0	0	0	NA
"297"	1383	"GH"	0	0	0	NA
"298"	1383	"WH"	0	0	0	NA
"299"	1383	"OPH"	0	0	0	NA
"300"	1383	"RNH"	0	0	0	NA
"301"	1385	"GH"	0	0	0	0
"302"	1385	"WH"	0	0	0	0
"303"	1385	"OPH"	0	0	0	0
"304"	1385	"RNH"	0	0	0	0
"305"	1390	"GH"	0	0	0	NA
"306"	1390	"WH"	0	0	0	NA
"307"	1390	"OPH"	0	0	0	NA
"308"	1390	"RNH"	2	0	2	NA
"309"	1391	"GH"	0	0	0	NA
"310"	1391	"WH"	0	0	0	NA
"311"	1391	"OPH"	0	0	0	NA
"312"	1391	"RNH"	2	2	0	NA
"313"	1439	"GH"	0	0	0	NA
"314"	1439	"WH"	0	0	0	NA
"315"	1439	"OPH"	0	0	0	NA
"316"	1439	"RNH"	0	0	0	NA
"317"	1457	"GH"	0	0	0	0
"318"	1457	"WH"	0	0	0	0
"319"	1457	"OPH"	0	0	0	0
"320"	1457	"RNH"	0	0	0	0
"321"	1508	"GH"	0	0	0	NA
"322"	1508	"WH"	0	0	0	NA
"323"	1508	"OPH"	0	0	0	NA
"324"	1508	"RNH"	0	0	0	NA
"325"	1580	"GH"	0	0	0	NA
"326"	1580	"WH"	0	0	0	NA
"327"	1580	"OPH"	0	0	0	NA
"328"	1580	"RNH"	0	0	0	NA
"329"	1608	"GH"	0	0	0	NA
"330"	1608	"WH"	0	0	0	NA
"331"	1608	"OPH"	0	0	0	NA
"332"	1608	"RNH"	0	0	0	NA
"333"	1610	"GH"	0	2	2	NA
"334"	1610	"WH"	0	0	0	NA
"335"	1610	"OPH"	0	0	0	NA
"336"	1610	"RNH"	0	2	0	NA
"337"	1611	"GH"	0	2	0	NA
"338"	1611	"WH"	0	0	0	NA
"339"	1611	"OPH"	0	0	0	NA
"340"	1611	"RNH"	0	2	0	NA
"341"	1678	"GH"	0	0	0	NA
"342"	1678	"WH"	0	0	0	NA
"343"	1678	"OPH"	0	0	0	NA
"344"	1678	"RNH"	0	0	0	NA
"345"	1776	"GH"	0	0	0	0
"346"	1776	"WH"	0	0	0	0
"347"	1776	"OPH"	0	0	0	0
"348"	1776	"RNH"	0	0	0	0
"349"	1777	"GH"	0	0	0	NA
"350"	1777	"WH"	0	0	0	NA
"351"	1777	"OPH"	0	0	0	NA
"352"	1777	"RNH"	0	2	0	NA
"353"	1830	"GH"	0	0	0	NA
"354"	1830	"WH"	0	0	0	NA
"355"	1830	"OPH"	0	0	0	NA
"356"	1830	"RNH"	0	0	0	NA
"357"	1883	"GH"	0	0	0	NA
"358"	1883	"WH"	0	0	0	NA
"359"	1883	"OPH"	0	0	0	NA
"360"	1883	"RNH"	0	0	0	NA
"361"	1927	"GH"	0	0	0	0
"362"	1927	"WH"	0	0	0	0
"363"	1927	"OPH"	0	0	0	0
"364"	1927	"RNH"	0	0	0	0
"365"	1928	"GH"	0	0	0	NA
"366"	1928	"WH"	0	0	0	NA
"367"	1928	"OPH"	0	0	0	NA
"368"	1928	"RNH"	0	0	0	NA
"369"	1929	"GH"	0	0	0	NA
"370"	1929	"WH"	0	0	0	NA
"371"	1929	"OPH"	0	0	0	NA
"372"	1929	"RNH"	0	0	0	NA
